RUN_TIME,MKT_TYPE,TIME_INTERVAL,REGION_NAME,RESOURCE_NAME,RESOURCE_TYPE,COMMODITY_TYPE,MARGINAL_PRICE,
6/8/2026,RTD,6/8/2026 12:05:00 AM,CLUZ,03STA-RI_G02,G,En,5706.80,
6/8/2026,RTD,6/8/2026 12:05:00 AM,CLUZ,03STA-RI_G03,G,En,5706.80,
6/8/2026,RTD,6/8/2026 12:05:00 AM,CLUZ,03STA-RI_G04,G,En,5706.80,
6/8/2026,RTD,6/8/2026 12:05:00 AM,CMIN,10GNPK_U01,G,En,3500,
6/8/2026,RTD,6/8/2026 12:05:00 AM,CMIN,10GNPK_U02,G,En,3500,
6/8/2026,RTD,6/8/2026 12:05:00 AM,CMIN,10GNPK_U03,G,En,3500,
6/8/2026,RTD,6/8/2026 12:05:00 AM,CMIN,10GNPK_U04,G,En,3500,
6/8/2026 12:05:00 AM,RTD,6/8/2026 12:10:00 AM,CLUZ,03STA-RI_G02,G,En,5706.80,
6/8/2026 12:05:00 AM,RTD,6/8/2026 12:10:00 AM,CLUZ,03STA-RI_G03,G,En,5706.80,
6/8/2026 12:05:00 AM,RTD,6/8/2026 12:10:00 AM,CLUZ,03STA-RI_G04,G,En,5706.80,
6/8/2026 12:05:00 AM,RTD,6/8/2026 12:10:00 AM,CMIN,14SARANG_U01,G,En,4016,
6/8/2026 12:10:00 AM,RTD,6/8/2026 12:15:00 AM,CLUZ,01ANDA_G01,G,En,4908,
6/8/2026 12:10:00 AM,RTD,6/8/2026 12:15:00 AM,CMIN,14SARANG_U01,G,En,4016,
6/8/2026 12:15:00 AM,RTD,6/8/2026 12:20:00 AM,CVIS,08PEDC_U01,G,En,4519.9994,
6/8/2026 12:15:00 AM,RTD,6/8/2026 12:20:00 AM,CVIS,08PEDC_U02,G,En,4519.9994,
6/8/2026 12:15:00 AM,RTD,6/8/2026 12:20:00 AM,CMIN,10GNPK_U01,G,En,3500,
6/8/2026 12:15:00 AM,RTD,6/8/2026 12:20:00 AM,CMIN,10GNPK_U02,G,En,3500,
6/8/2026 12:15:00 AM,RTD,6/8/2026 12:20:00 AM,CMIN,10GNPK_U03,G,En,3500,
6/8/2026 12:15:00 AM,RTD,6/8/2026 12:20:00 AM,CMIN,10GNPK_U04,G,En,3500,
6/8/2026 12:20:00 AM,RTD,6/8/2026 12:25:00 AM,CLUZ,01GNPD_U01,G,En,4500,
6/8/2026 12:20:00 AM,RTD,6/8/2026 12:25:00 AM,CMIN,14SARANG_U01,G,En,4016,
6/8/2026 12:25:00 AM,RTD,6/8/2026 12:30:00 AM,CMIN,14SARANG_U01,G,En,4016,
6/8/2026 12:30:00 AM,RTD,6/8/2026 12:35:00 AM,CVIS,08PEDC_U01,G,En,4519.9996,
6/8/2026 12:30:00 AM,RTD,6/8/2026 12:35:00 AM,CVIS,08PEDC_U02,G,En,4519.9996,
6/8/2026 12:30:00 AM,RTD,6/8/2026 12:35:00 AM,CMIN,14SARANG_U01,G,En,4016,
6/8/2026 12:35:00 AM,RTD,6/8/2026 12:40:00 AM,CVIS,05CEDC_U01,G,En,3950,
6/8/2026 12:35:00 AM,RTD,6/8/2026 12:40:00 AM,CVIS,05CEDC_U02,G,En,3950,
6/8/2026 12:35:00 AM,RTD,6/8/2026 12:40:00 AM,CVIS,05CEDC_U03,G,En,3950,
6/8/2026 12:40:00 AM,RTD,6/8/2026 12:45:00 AM,CMIN,14SARANG_U02,G,En,3710,
6/8/2026 12:45:00 AM,RTD,6/8/2026 12:50:00 AM,CLUZ,03PAGBIL_G01,G,En,3794.40,
6/8/2026 12:45:00 AM,RTD,6/8/2026 12:50:00 AM,CLUZ,03PAGBIL_G02,G,En,3794.40,
6/8/2026 12:45:00 AM,RTD,6/8/2026 12:50:00 AM,CMIN,14SARANG_U02,G,En,3710,
6/8/2026 12:50:00 AM,RTD,6/8/2026 12:55:00 AM,CLUZ,03PAGBIL_G01,G,En,3794.40,
6/8/2026 12:50:00 AM,RTD,6/8/2026 12:55:00 AM,CLUZ,03PAGBIL_G02,G,En,3794.40,
6/8/2026 12:55:00 AM,RTD,6/8/2026 1:00:00 AM,CLUZ,03PAGBIL_G01,G,En,3794.40,
6/8/2026 12:55:00 AM,RTD,6/8/2026 1:00:00 AM,CLUZ,03PAGBIL_G02,G,En,3794.40,
6/8/2026 1:00:00 AM,RTD,6/8/2026 1:05:00 AM,CLUZ,03PAGBIL_G01,G,En,3794.40,
6/8/2026 1:00:00 AM,RTD,6/8/2026 1:05:00 AM,CLUZ,03PAGBIL_G02,G,En,3794.40,
6/8/2026 1:05:00 AM,RTD,6/8/2026 1:10:00 AM,CMIN,10GNPK_U01,G,En,3500,
6/8/2026 1:05:00 AM,RTD,6/8/2026 1:10:00 AM,CMIN,10GNPK_U02,G,En,3500,
6/8/2026 1:05:00 AM,RTD,6/8/2026 1:10:00 AM,CMIN,10GNPK_U03,G,En,3500,
6/8/2026 1:05:00 AM,RTD,6/8/2026 1:10:00 AM,CMIN,10GNPK_U04,G,En,3500,
6/8/2026 1:10:00 AM,RTD,6/8/2026 1:15:00 AM,CLUZ,03PAGBIL_G01,G,En,3794.40,
6/8/2026 1:10:00 AM,RTD,6/8/2026 1:15:00 AM,CLUZ,03PAGBIL_G02,G,En,3794.40,
6/8/2026 1:10:00 AM,RTD,6/8/2026 1:15:00 AM,CMIN,11FDC_U02,G,En,3515.90,
6/8/2026 1:15:00 AM,RTD,6/8/2026 1:20:00 AM,CMIN,14SARANG_U02,G,En,3710,
6/8/2026 1:20:00 AM,RTD,6/8/2026 1:25:00 AM,CMIN,14SARANG_U01,G,En,3770,
6/8/2026 1:25:00 AM,RTD,6/8/2026 1:30:00 AM,CLUZ,03PAGBIL_G01,G,En,3794.40,
6/8/2026 1:25:00 AM,RTD,6/8/2026 1:30:00 AM,CLUZ,03PAGBIL_G02,G,En,3794.40,
6/8/2026 1:30:00 AM,RTD,6/8/2026 1:35:00 AM,CMIN,11FDC_U01,G,En,3510.90,
6/8/2026 1:35:00 AM,RTD,6/8/2026 1:40:00 AM,CLUZ,03PAGBIL_G03,G,En,3362.50,
6/8/2026 1:40:00 AM,RTD,6/8/2026 1:45:00 AM,CLUZ,03PAGBIL_G03,G,En,3362.50,
6/8/2026 1:45:00 AM,RTD,6/8/2026 1:50:00 AM,CLUZ,03PAGBIL_G03,G,En,3362.50,
6/8/2026 1:50:00 AM,RTD,6/8/2026 1:55:00 AM,CLUZ,01MARVEL_G01,G,En,3099.58,
6/8/2026 1:50:00 AM,RTD,6/8/2026 1:55:00 AM,CLUZ,01MARVEL_G02,G,En,3099.58,
6/8/2026 1:55:00 AM,RTD,6/8/2026 2:00:00 AM,CLUZ,01MARVEL_G01,G,En,3099.58,
6/8/2026 1:55:00 AM,RTD,6/8/2026 2:00:00 AM,CLUZ,01MARVEL_G02,G,En,3099.58,
6/8/2026 2:00:00 AM,RTD,6/8/2026 2:05:00 AM,CLUZ,03PAGBIL_G01,G,En,3794.40,
6/8/2026 2:00:00 AM,RTD,6/8/2026 2:05:00 AM,CLUZ,03PAGBIL_G02,G,En,3794.40,
6/8/2026 2:05:00 AM,RTD,6/8/2026 2:10:00 AM,CLUZ,03PAGBIL_G03,G,En,3362.49,
6/8/2026 2:10:00 AM,RTD,6/8/2026 2:15:00 AM,CLUZ,03PAGBIL_G03,G,En,3362.49,
6/8/2026 2:15:00 AM,RTD,6/8/2026 2:20:00 AM,CLUZ,01MARVEL_G01,G,En,3099.5788,
6/8/2026 2:15:00 AM,RTD,6/8/2026 2:20:00 AM,CLUZ,01MARVEL_G02,G,En,3099.5788,
6/8/2026 2:20:00 AM,RTD,6/8/2026 2:25:00 AM,CLUZ,03QPPL_G01,G,En,2999,
6/8/2026 2:25:00 AM,RTD,6/8/2026 2:30:00 AM,CLUZ,03PAGBIL_G01,G,En,3056.40,
6/8/2026 2:25:00 AM,RTD,6/8/2026 2:30:00 AM,CLUZ,03PAGBIL_G02,G,En,3056.40,
6/8/2026 2:30:00 AM,RTD,6/8/2026 2:35:00 AM,CLUZ,03PAGBIL_G01,G,En,3794.40,
6/8/2026 2:30:00 AM,RTD,6/8/2026 2:35:00 AM,CLUZ,03PAGBIL_G02,G,En,3794.40,
6/8/2026 2:35:00 AM,RTD,6/8/2026 2:40:00 AM,CLUZ,03PAGBIL_G01,G,En,3794.40,
6/8/2026 2:35:00 AM,RTD,6/8/2026 2:40:00 AM,CLUZ,03PAGBIL_G02,G,En,3794.40,
6/8/2026 2:40:00 AM,RTD,6/8/2026 2:45:00 AM,CMIN,11FDC_U01,G,En,3505.90,
6/8/2026 2:45:00 AM,RTD,6/8/2026 2:50:00 AM,CLUZ,01MARVEL_G01,G,En,3099.58,
6/8/2026 2:45:00 AM,RTD,6/8/2026 2:50:00 AM,CLUZ,01MARVEL_G02,G,En,3099.58,
6/8/2026 2:50:00 AM,RTD,6/8/2026 2:55:00 AM,CLUZ,03PAGBIL_G01,G,En,3056.40,
6/8/2026 2:50:00 AM,RTD,6/8/2026 2:55:00 AM,CLUZ,03PAGBIL_G02,G,En,3056.40,
6/8/2026 2:55:00 AM,RTD,6/8/2026 3:00:00 AM,CLUZ,01MARVEL_G01,G,En,3099.58,
6/8/2026 2:55:00 AM,RTD,6/8/2026 3:00:00 AM,CLUZ,01MARVEL_G02,G,En,3099.58,
6/8/2026 3:00:00 AM,RTD,6/8/2026 3:05:00 AM,CLUZ,01SUAL_G02,G,En,3400.08,
6/8/2026 3:05:00 AM,RTD,6/8/2026 3:10:00 AM,CLUZ,03PAGBIL_G03,G,En,3362.49,
6/8/2026 3:10:00 AM,RTD,6/8/2026 3:15:00 AM,CMIN,11FDC_U01,G,En,3505.90,
6/8/2026 3:10:00 AM,RTD,6/8/2026 3:15:00 AM,CMIN,11FDC_U02,G,En,3505.90,
6/8/2026 3:15:00 AM,RTD,6/8/2026 3:20:00 AM,CLUZ,03PAGBIL_G03,G,En,3362.49,
6/8/2026 3:20:00 AM,RTD,6/8/2026 3:25:00 AM,CLUZ,03PAGBIL_G03,G,En,3362.49,
6/8/2026 3:25:00 AM,RTD,6/8/2026 3:30:00 AM,CLUZ,03PAGBIL_G03,G,En,3362.49,
6/8/2026 3:30:00 AM,RTD,6/8/2026 3:35:00 AM,CLUZ,03PAGBIL_G03,G,En,3362.49,
6/8/2026 3:35:00 AM,RTD,6/8/2026 3:40:00 AM,CLUZ,03PAGBIL_G03,G,En,3362.49,
6/8/2026 3:40:00 AM,RTD,6/8/2026 3:45:00 AM,CLUZ,03PAGBIL_G03,G,En,3362.49,
6/8/2026 3:45:00 AM,RTD,6/8/2026 3:50:00 AM,CMIN,10GNPK_U01,G,En,3126.60,
6/8/2026 3:45:00 AM,RTD,6/8/2026 3:50:00 AM,CMIN,10GNPK_U02,G,En,3126.60,
6/8/2026 3:50:00 AM,RTD,6/8/2026 3:55:00 AM,CLUZ,01MARVEL_G01,G,En,3099.58,
6/8/2026 3:50:00 AM,RTD,6/8/2026 3:55:00 AM,CLUZ,01MARVEL_G02,G,En,3099.58,
6/8/2026 3:55:00 AM,RTD,6/8/2026 4:00:00 AM,CLUZ,01MARVEL_G02,G,En,3099.5805,
6/8/2026 4:00:00 AM,RTD,6/8/2026 4:05:00 AM,CLUZ,03PAGBIL_G03,G,En,3362.49,
6/8/2026 4:05:00 AM,RTD,6/8/2026 4:10:00 AM,CMIN,14SARANG_U01,G,En,4016,
6/8/2026 4:10:00 AM,RTD,6/8/2026 4:15:00 AM,CLUZ,01MARVEL_G01,G,En,3099.5791,
6/8/2026 4:10:00 AM,RTD,6/8/2026 4:15:00 AM,CLUZ,01MARVEL_G02,G,En,3099.5791,
6/8/2026 4:15:00 AM,RTD,6/8/2026 4:20:00 AM,CLUZ,03PAGBIL_G03,G,En,3362.49,
6/8/2026 4:20:00 AM,RTD,6/8/2026 4:25:00 AM,CMIN,11FDC_U02,G,En,3510.9040,
6/8/2026 4:25:00 AM,RTD,6/8/2026 4:30:00 AM,CMIN,10GNPK_U01,G,En,3500,
6/8/2026 4:25:00 AM,RTD,6/8/2026 4:30:00 AM,CMIN,10GNPK_U02,G,En,3500,
6/8/2026 4:25:00 AM,RTD,6/8/2026 4:30:00 AM,CMIN,10GNPK_U03,G,En,3500,
6/8/2026 4:25:00 AM,RTD,6/8/2026 4:30:00 AM,CMIN,10GNPK_U04,G,En,3500,
6/8/2026 4:30:00 AM,RTD,6/8/2026 4:35:00 AM,CLUZ,03PAGBIL_G03,G,En,3362.50,
6/8/2026 4:35:00 AM,RTD,6/8/2026 4:40:00 AM,CLUZ,03PAGBIL_G01,G,En,3794.40,
6/8/2026 4:35:00 AM,RTD,6/8/2026 4:40:00 AM,CLUZ,03PAGBIL_G02,G,En,3794.40,
6/8/2026 4:40:00 AM,RTD,6/8/2026 4:45:00 AM,CMIN,10GNPK_U01,G,En,3500,
6/8/2026 4:40:00 AM,RTD,6/8/2026 4:45:00 AM,CMIN,10GNPK_U02,G,En,3500,
6/8/2026 4:40:00 AM,RTD,6/8/2026 4:45:00 AM,CMIN,10GNPK_U03,G,En,3500,
6/8/2026 4:40:00 AM,RTD,6/8/2026 4:45:00 AM,CMIN,10GNPK_U04,G,En,3500,
6/8/2026 4:45:00 AM,RTD,6/8/2026 4:50:00 AM,CLUZ,03PAGBIL_G03,G,En,3362.5004,
6/8/2026 4:45:00 AM,RTD,6/8/2026 4:50:00 AM,CMIN,14SARANG_U01,G,En,4016,
6/8/2026 4:50:00 AM,RTD,6/8/2026 4:55:00 AM,CMIN,14SARANG_U02,G,En,3710,
6/8/2026 4:55:00 AM,RTD,6/8/2026 5:00:00 AM,CLUZ,01MARVEL_G02,G,En,3099.5812,
6/8/2026 4:55:00 AM,RTD,6/8/2026 5:00:00 AM,CMIN,11FDC_U02,G,En,3515.90,
6/8/2026 5:00:00 AM,RTD,6/8/2026 5:05:00 AM,CLUZ,03PAGBIL_G01,G,En,3794.40,
6/8/2026 5:00:00 AM,RTD,6/8/2026 5:05:00 AM,CLUZ,03PAGBIL_G02,G,En,3794.40,
6/8/2026 5:05:00 AM,RTD,6/8/2026 5:10:00 AM,CMIN,10GNPK_U01,G,En,4500,
6/8/2026 5:05:00 AM,RTD,6/8/2026 5:10:00 AM,CMIN,10GNPK_U02,G,En,4500,
6/8/2026 5:05:00 AM,RTD,6/8/2026 5:10:00 AM,CMIN,10GNPK_U03,G,En,4500,
6/8/2026 5:05:00 AM,RTD,6/8/2026 5:10:00 AM,CMIN,10GNPK_U04,G,En,4500,
6/8/2026 5:10:00 AM,RTD,6/8/2026 5:15:00 AM,CLUZ,01ANDA_G01,G,En,4908,
6/8/2026 5:15:00 AM,RTD,6/8/2026 5:20:00 AM,CLUZ,03QPPL_G01,G,En,3999,
6/8/2026 5:15:00 AM,RTD,6/8/2026 5:20:00 AM,CMIN,10GNPK_U01,G,En,4500,
6/8/2026 5:15:00 AM,RTD,6/8/2026 5:20:00 AM,CMIN,10GNPK_U02,G,En,4500,
6/8/2026 5:15:00 AM,RTD,6/8/2026 5:20:00 AM,CMIN,10GNPK_U03,G,En,4500,
6/8/2026 5:15:00 AM,RTD,6/8/2026 5:20:00 AM,CMIN,10GNPK_U04,G,En,4500,
6/8/2026 5:20:00 AM,RTD,6/8/2026 5:25:00 AM,CMIN,13DCPP_U01,G,En,13618.20,
6/8/2026 5:20:00 AM,RTD,6/8/2026 5:25:00 AM,CMIN,13DCPP_U02,G,En,13618.20,
6/8/2026 5:25:00 AM,RTD,6/8/2026 5:30:00 AM,CLUZ,03QPPL_G01,G,En,3999,
6/8/2026 5:25:00 AM,RTD,6/8/2026 5:30:00 AM,CMIN,10GNPK_U01,G,En,4500,
6/8/2026 5:25:00 AM,RTD,6/8/2026 5:30:00 AM,CMIN,10GNPK_U02,G,En,4500,
6/8/2026 5:25:00 AM,RTD,6/8/2026 5:30:00 AM,CMIN,10GNPK_U03,G,En,4500,
6/8/2026 5:25:00 AM,RTD,6/8/2026 5:30:00 AM,CMIN,10GNPK_U04,G,En,4500,
6/8/2026 5:30:00 AM,RTD,6/8/2026 5:35:00 AM,CLUZ,03PAGBIL_G03,G,En,3362.5004,
6/8/2026 5:30:00 AM,RTD,6/8/2026 5:35:00 AM,CVIS,05CEDC_U01,G,En,3950,
6/8/2026 5:30:00 AM,RTD,6/8/2026 5:35:00 AM,CVIS,05CEDC_U02,G,En,3950,
6/8/2026 5:30:00 AM,RTD,6/8/2026 5:35:00 AM,CVIS,05CEDC_U03,G,En,3950,
6/8/2026 5:35:00 AM,RTD,6/8/2026 5:40:00 AM,CLUZ,03PAGBIL_G01,G,En,3794.40,
6/8/2026 5:35:00 AM,RTD,6/8/2026 5:40:00 AM,CLUZ,03PAGBIL_G02,G,En,3794.40,
6/8/2026 5:35:00 AM,RTD,6/8/2026 5:40:00 AM,CVIS,05CEDC_U03,G,En,3950.0006,
6/8/2026 5:40:00 AM,RTD,6/8/2026 5:45:00 AM,CLUZ,01MARVEL_G01,G,En,3099.5788,
6/8/2026 5:40:00 AM,RTD,6/8/2026 5:45:00 AM,CLUZ,01MARVEL_G02,G,En,3099.5788,
6/8/2026 5:40:00 AM,RTD,6/8/2026 5:45:00 AM,CVIS,05CEDC_U01,G,En,3950,
6/8/2026 5:40:00 AM,RTD,6/8/2026 5:45:00 AM,CVIS,05CEDC_U02,G,En,3950,
6/8/2026 5:40:00 AM,RTD,6/8/2026 5:45:00 AM,CVIS,05CEDC_U03,G,En,3950,
6/8/2026 5:45:00 AM,RTD,6/8/2026 5:50:00 AM,CLUZ,03PAGBIL_G03,G,En,3362.49,
6/8/2026 5:45:00 AM,RTD,6/8/2026 5:50:00 AM,CMIN,10GNPK_U01,G,En,3500,
6/8/2026 5:45:00 AM,RTD,6/8/2026 5:50:00 AM,CMIN,10GNPK_U02,G,En,3500,
6/8/2026 5:45:00 AM,RTD,6/8/2026 5:50:00 AM,CMIN,10GNPK_U03,G,En,3500,
6/8/2026 5:45:00 AM,RTD,6/8/2026 5:50:00 AM,CMIN,10GNPK_U04,G,En,3500,
6/8/2026 5:50:00 AM,RTD,6/8/2026 5:55:00 AM,CLUZ,01GNPD_U01,G,En,2769.89,
6/8/2026 5:50:00 AM,RTD,6/8/2026 5:55:00 AM,CLUZ,01GNPD_U02,G,En,2769.89,
6/8/2026 5:55:00 AM,RTD,6/8/2026 6:00:00 AM,CLUZ,01GNPD_U01,G,En,2769.89,
6/8/2026 5:55:00 AM,RTD,6/8/2026 6:00:00 AM,CLUZ,01GNPD_U02,G,En,2769.89,
6/8/2026 6:00:00 AM,RTD,6/8/2026 6:05:00 AM,CLUZ,03QPPL_G01,G,En,2999,
6/8/2026 6:05:00 AM,RTD,6/8/2026 6:10:00 AM,CLUZ,03QPPL_G01,G,En,2999,
6/8/2026 6:10:00 AM,RTD,6/8/2026 6:15:00 AM,CMIN,10GNPK_U01,G,En,3016.60,
6/8/2026 6:10:00 AM,RTD,6/8/2026 6:15:00 AM,CMIN,10GNPK_U02,G,En,3016.60,
6/8/2026 6:10:00 AM,RTD,6/8/2026 6:15:00 AM,CMIN,10GNPK_U03,G,En,3016.60,
6/8/2026 6:10:00 AM,RTD,6/8/2026 6:15:00 AM,CMIN,10GNPK_U04,G,En,3016.60,
6/8/2026 6:15:00 AM,RTD,6/8/2026 6:20:00 AM,CMIN,10GNPK_U01,G,En,3016.60,
6/8/2026 6:15:00 AM,RTD,6/8/2026 6:20:00 AM,CMIN,10GNPK_U02,G,En,3016.60,
6/8/2026 6:15:00 AM,RTD,6/8/2026 6:20:00 AM,CMIN,10GNPK_U03,G,En,3016.60,
6/8/2026 6:15:00 AM,RTD,6/8/2026 6:20:00 AM,CMIN,10GNPK_U04,G,En,3016.60,
6/8/2026 6:20:00 AM,RTD,6/8/2026 6:25:00 AM,CLUZ,03PAGBIL_G01,G,En,-1,
6/8/2026 6:20:00 AM,RTD,6/8/2026 6:25:00 AM,CLUZ,03PAGBIL_G02,G,En,-1,
6/8/2026 6:20:00 AM,RTD,6/8/2026 6:25:00 AM,CVIS,05EAUC_U03,G,En,-1.0320,
6/8/2026 6:25:00 AM,RTD,6/8/2026 6:30:00 AM,CLUZ,01AMBUK_U01,G,En,0,
6/8/2026 6:25:00 AM,RTD,6/8/2026 6:30:00 AM,CLUZ,01AMBUK_U03,G,En,0,
6/8/2026 6:25:00 AM,RTD,6/8/2026 6:30:00 AM,CLUZ,01MAGAT_U01,G,En,0,
6/8/2026 6:25:00 AM,RTD,6/8/2026 6:30:00 AM,CLUZ,01MAGAT_U02,G,En,0,
6/8/2026 6:25:00 AM,RTD,6/8/2026 6:30:00 AM,CVIS,06PAL1A_U01,G,En,0,
6/8/2026 6:25:00 AM,RTD,6/8/2026 6:30:00 AM,CVIS,06PAL1A_U03,G,En,0,
6/8/2026 6:30:00 AM,RTD,6/8/2026 6:35:00 AM,CLUZ,03SBPL_G01,G,En,0,
6/8/2026 6:35:00 AM,RTD,6/8/2026 6:40:00 AM,CLUZ,03PAGBIL_G01,G,En,-0.9736,
6/8/2026 6:35:00 AM,RTD,6/8/2026 6:40:00 AM,CLUZ,03PAGBIL_G02,G,En,-0.9736,
6/8/2026 6:35:00 AM,RTD,6/8/2026 6:40:00 AM,CVIS,05EAUC_U03,G,En,-1.0052,
6/8/2026 6:35:00 AM,RTD,6/8/2026 6:40:00 AM,CMIN,13DCPP_U01,G,En,-1,
6/8/2026 6:35:00 AM,RTD,6/8/2026 6:40:00 AM,CMIN,13DCPP_U02,G,En,-1,
6/8/2026 6:40:00 AM,RTD,6/8/2026 6:45:00 AM,CVIS,06PAL1A_U01,G,En,0,
6/8/2026 6:40:00 AM,RTD,6/8/2026 6:45:00 AM,CVIS,06PAL1A_U03,G,En,0,
6/8/2026 6:45:00 AM,RTD,6/8/2026 6:50:00 AM,CLUZ,03PAGBIL_G01,G,En,-0.9766,
6/8/2026 6:45:00 AM,RTD,6/8/2026 6:50:00 AM,CLUZ,03PAGBIL_G02,G,En,-0.9766,
6/8/2026 6:45:00 AM,RTD,6/8/2026 6:50:00 AM,CVIS,05EAUC_U03,G,En,-1.0092,
6/8/2026 6:45:00 AM,RTD,6/8/2026 6:50:00 AM,CMIN,13DCPP_U01,G,En,-1,
6/8/2026 6:45:00 AM,RTD,6/8/2026 6:50:00 AM,CMIN,13DCPP_U02,G,En,-1,
6/8/2026 6:50:00 AM,RTD,6/8/2026 6:55:00 AM,CLUZ,01AMBUK_U01,G,En,0,
6/8/2026 6:50:00 AM,RTD,6/8/2026 6:55:00 AM,CLUZ,01AMBUK_U03,G,En,0,
6/8/2026 6:50:00 AM,RTD,6/8/2026 6:55:00 AM,CLUZ,01MAGAT_U01,G,En,0,
6/8/2026 6:50:00 AM,RTD,6/8/2026 6:55:00 AM,CLUZ,01MAGAT_U02,G,En,0,
6/8/2026 6:50:00 AM,RTD,6/8/2026 6:55:00 AM,CLUZ,03SBPL_G01,G,En,0,
6/8/2026 6:55:00 AM,RTD,6/8/2026 7:00:00 AM,CLUZ,01GNPD_U01,G,En,2769.89,
6/8/2026 7:00:00 AM,RTD,6/8/2026 7:05:00 AM,CLUZ,01GNPD_U02,G,En,2769.89,
6/8/2026 7:05:00 AM,RTD,6/8/2026 7:10:00 AM,CLUZ,01GNPD_U01,G,En,2769.89,
6/8/2026 7:10:00 AM,RTD,6/8/2026 7:15:00 AM,CMIN,10GNPK_U01,G,En,3016.5998,
6/8/2026 7:10:00 AM,RTD,6/8/2026 7:15:00 AM,CMIN,10GNPK_U02,G,En,3016.5998,
6/8/2026 7:10:00 AM,RTD,6/8/2026 7:15:00 AM,CMIN,10GNPK_U03,G,En,3016.5998,
6/8/2026 7:15:00 AM,RTD,6/8/2026 7:20:00 AM,CLUZ,03PAGBIL_G01,G,En,3056.40,
6/8/2026 7:15:00 AM,RTD,6/8/2026 7:20:00 AM,CLUZ,03PAGBIL_G02,G,En,3056.40,
6/8/2026 7:20:00 AM,RTD,6/8/2026 7:25:00 AM,CLUZ,03QPPL_G01,G,En,2999,
6/8/2026 7:25:00 AM,RTD,6/8/2026 7:30:00 AM,CLUZ,01SMC_G02,G,En,3000.08,
6/8/2026 7:25:00 AM,RTD,6/8/2026 7:30:00 AM,CLUZ,01SMC_G03,G,En,3000.08,
6/8/2026 7:30:00 AM,RTD,6/8/2026 7:35:00 AM,CMIN,10GNPK_U01,G,En,3071.60,
6/8/2026 7:30:00 AM,RTD,6/8/2026 7:35:00 AM,CMIN,10GNPK_U02,G,En,3071.60,
6/8/2026 7:30:00 AM,RTD,6/8/2026 7:35:00 AM,CMIN,10GNPK_U03,G,En,3071.60,
6/8/2026 7:30:00 AM,RTD,6/8/2026 7:35:00 AM,CMIN,10GNPK_U04,G,En,3071.60,
6/8/2026 7:35:00 AM,RTD,6/8/2026 7:40:00 AM,CLUZ,03PAGBIL_G01,G,En,3056.40,
6/8/2026 7:35:00 AM,RTD,6/8/2026 7:40:00 AM,CLUZ,03PAGBIL_G02,G,En,3056.40,
6/8/2026 7:40:00 AM,RTD,6/8/2026 7:45:00 AM,CLUZ,01SMC_G02,G,En,3000.08,
6/8/2026 7:40:00 AM,RTD,6/8/2026 7:45:00 AM,CLUZ,01SMC_G03,G,En,3000.08,
6/8/2026 7:40:00 AM,RTD,6/8/2026 7:45:00 AM,CMIN,10GNPK_U02,G,En,3126.60,
6/8/2026 7:40:00 AM,RTD,6/8/2026 7:45:00 AM,CMIN,10GNPK_U03,G,En,3126.60,
6/8/2026 7:40:00 AM,RTD,6/8/2026 7:45:00 AM,CMIN,10GNPK_U04,G,En,3126.60,
6/8/2026 7:45:00 AM,RTD,6/8/2026 7:50:00 AM,CLUZ,03PAGBIL_G01,G,En,3794.40,
6/8/2026 7:45:00 AM,RTD,6/8/2026 7:50:00 AM,CLUZ,03PAGBIL_G02,G,En,3794.40,
6/8/2026 7:50:00 AM,RTD,6/8/2026 7:55:00 AM,CLUZ,03STA-RI_G02,G,En,5706.80,
6/8/2026 7:50:00 AM,RTD,6/8/2026 7:55:00 AM,CLUZ,03STA-RI_G03,G,En,5706.80,
6/8/2026 7:50:00 AM,RTD,6/8/2026 7:55:00 AM,CLUZ,03STA-RI_G04,G,En,5706.80,
6/8/2026 7:50:00 AM,RTD,6/8/2026 7:55:00 AM,CVIS,07BIDPP_G01,G,En,27642,
6/8/2026 7:55:00 AM,RTD,6/8/2026 8:00:00 AM,CLUZ,03STA-RI_G02,G,En,5706.80,
6/8/2026 7:55:00 AM,RTD,6/8/2026 8:00:00 AM,CLUZ,03STA-RI_G03,G,En,5706.80,
6/8/2026 7:55:00 AM,RTD,6/8/2026 8:00:00 AM,CLUZ,03STA-RI_G04,G,En,5706.80,
6/8/2026 7:55:00 AM,RTD,6/8/2026 8:00:00 AM,CVIS,05CPPC_U01,G,En,32000.0010,
6/8/2026 7:55:00 AM,RTD,6/8/2026 8:00:00 AM,CVIS,05CPPC_U03,G,En,32000.0010,
6/8/2026 7:55:00 AM,RTD,6/8/2026 8:00:00 AM,CVIS,07BDPP_U01,G,En,30980,
6/8/2026 8:00:00 AM,RTD,6/8/2026 8:05:00 AM,CLUZ,03STA-RI_G02,G,En,5706.80,
6/8/2026 8:00:00 AM,RTD,6/8/2026 8:05:00 AM,CLUZ,03STA-RI_G03,G,En,5706.80,
6/8/2026 8:00:00 AM,RTD,6/8/2026 8:05:00 AM,CLUZ,03STA-RI_G04,G,En,5706.80,
6/8/2026 8:00:00 AM,RTD,6/8/2026 8:05:00 AM,CVIS,05TPC_G02,G,En,8580,
6/8/2026 8:05:00 AM,RTD,6/8/2026 8:10:00 AM,CLUZ,03QPPL_G01,G,En,3999,
6/8/2026 8:05:00 AM,RTD,6/8/2026 8:10:00 AM,CMIN,14PKPSOC_G01,G,En,32000,
6/8/2026 8:10:00 AM,RTD,6/8/2026 8:15:00 AM,CLUZ,03PAGBIL_G01,G,En,3794.40,
6/8/2026 8:10:00 AM,RTD,6/8/2026 8:15:00 AM,CLUZ,03PAGBIL_G02,G,En,3794.40,
6/8/2026 8:10:00 AM,RTD,6/8/2026 8:15:00 AM,CMIN,09WMPC_U09,G,En,16580,
6/8/2026 8:15:00 AM,RTD,6/8/2026 8:20:00 AM,CLUZ,03PAGBIL_G01,G,En,3794.40,
6/8/2026 8:15:00 AM,RTD,6/8/2026 8:20:00 AM,CLUZ,03PAGBIL_G02,G,En,3794.40,
6/8/2026 8:20:00 AM,RTD,6/8/2026 8:25:00 AM,CLUZ,03STA-RI_G02,G,En,5706.80,
6/8/2026 8:20:00 AM,RTD,6/8/2026 8:25:00 AM,CLUZ,03STA-RI_G03,G,En,5706.80,
6/8/2026 8:20:00 AM,RTD,6/8/2026 8:25:00 AM,CLUZ,03STA-RI_G04,G,En,5706.80,
6/8/2026 8:20:00 AM,RTD,6/8/2026 8:25:00 AM,CMIN,12PKSFRA_U02,G,En,28000,
6/8/2026 8:25:00 AM,RTD,6/8/2026 8:30:00 AM,CLUZ,01GNPD_U01,G,En,4500,
6/8/2026 8:25:00 AM,RTD,6/8/2026 8:30:00 AM,CLUZ,01GNPD_U02,G,En,4500,
6/8/2026 8:25:00 AM,RTD,6/8/2026 8:30:00 AM,CMIN,12PKSFRA_U02,G,En,28000,
6/8/2026 8:30:00 AM,RTD,6/8/2026 8:35:00 AM,CLUZ,01MARVEL_G01,G,En,4500,
6/8/2026 8:30:00 AM,RTD,6/8/2026 8:35:00 AM,CMIN,09SANGALI_BAT,G,En,32000,
6/8/2026 8:30:00 AM,RTD,6/8/2026 8:35:00 AM,CMIN,09WMPC_U01,G,En,32000,
6/8/2026 8:30:00 AM,RTD,6/8/2026 8:35:00 AM,CMIN,09WMPC_U02,G,En,32000,
6/8/2026 8:30:00 AM,RTD,6/8/2026 8:35:00 AM,CMIN,09WMPC_U03,G,En,32000,
6/8/2026 8:30:00 AM,RTD,6/8/2026 8:35:00 AM,CMIN,09WMPC_U04,G,En,32000,
6/8/2026 8:30:00 AM,RTD,6/8/2026 8:35:00 AM,CMIN,09WMPC_U05,G,En,32000,
6/8/2026 8:30:00 AM,RTD,6/8/2026 8:35:00 AM,CMIN,09WMPC_U06,G,En,32000,
6/8/2026 8:30:00 AM,RTD,6/8/2026 8:35:00 AM,CMIN,09WMPC_U07,G,En,32000,
6/8/2026 8:30:00 AM,RTD,6/8/2026 8:35:00 AM,CMIN,09WMPC_U08,G,En,32000,
6/8/2026 8:30:00 AM,RTD,6/8/2026 8:35:00 AM,CMIN,09WMPC_U10,G,En,32000,
6/8/2026 8:35:00 AM,RTD,6/8/2026 8:40:00 AM,CMIN,12PKSFRA_U02,G,En,28000,
6/8/2026 8:40:00 AM,RTD,6/8/2026 8:45:00 AM,CLUZ,01GNPD_U02,G,En,4500.0002,
6/8/2026 8:45:00 AM,RTD,6/8/2026 8:50:00 AM,CMIN,10GNPK_U01,G,En,5500,
6/8/2026 8:45:00 AM,RTD,6/8/2026 8:50:00 AM,CMIN,10GNPK_U02,G,En,5500,
6/8/2026 8:45:00 AM,RTD,6/8/2026 8:50:00 AM,CMIN,10GNPK_U03,G,En,5500,
6/8/2026 8:45:00 AM,RTD,6/8/2026 8:50:00 AM,CMIN,10GNPK_U04,G,En,5500,
6/8/2026 8:50:00 AM,RTD,6/8/2026 8:55:00 AM,CVIS,08STBPB1_U01,G,En,21917.2012,
6/8/2026 8:50:00 AM,RTD,6/8/2026 8:55:00 AM,CVIS,08STBPB1_U02,G,En,21917.2012,
6/8/2026 8:55:00 AM,RTD,6/8/2026 9:00:00 AM,CLUZ,03STA-RI_G02,G,En,5706.80,
6/8/2026 8:55:00 AM,RTD,6/8/2026 9:00:00 AM,CLUZ,03STA-RI_G03,G,En,5706.80,
6/8/2026 8:55:00 AM,RTD,6/8/2026 9:00:00 AM,CLUZ,03STA-RI_G04,G,En,5706.80,
6/8/2026 9:00:00 AM,RTD,6/8/2026 9:05:00 AM,CLUZ,03KAL_G02,PS,En,-10000,
6/8/2026 9:00:00 AM,RTD,6/8/2026 9:05:00 AM,CMIN,09WMPC_U09,G,En,16580,
6/8/2026 9:05:00 AM,RTD,6/8/2026 9:10:00 AM,CLUZ,03STA-RI_G02,G,En,5706.80,
6/8/2026 9:05:00 AM,RTD,6/8/2026 9:10:00 AM,CLUZ,03STA-RI_G03,G,En,5706.80,
6/8/2026 9:05:00 AM,RTD,6/8/2026 9:10:00 AM,CLUZ,03STA-RI_G04,G,En,5706.80,
6/8/2026 9:05:00 AM,RTD,6/8/2026 9:10:00 AM,CMIN,10GNPK_U01,G,En,6000.0021,
6/8/2026 9:05:00 AM,RTD,6/8/2026 9:10:00 AM,CMIN,10GNPK_U02,G,En,6000.0021,
6/8/2026 9:05:00 AM,RTD,6/8/2026 9:10:00 AM,CMIN,10GNPK_U03,G,En,6000.0021,
6/8/2026 9:10:00 AM,RTD,6/8/2026 9:15:00 AM,CLUZ,01GNPD_U01,G,En,4500,
6/8/2026 9:10:00 AM,RTD,6/8/2026 9:15:00 AM,CLUZ,01GNPD_U02,G,En,4500,
6/8/2026 9:10:00 AM,RTD,6/8/2026 9:15:00 AM,CMIN,10GNPK_U01,G,En,16800.0003,
6/8/2026 9:10:00 AM,RTD,6/8/2026 9:15:00 AM,CMIN,10GNPK_U02,G,En,16800.0003,
6/8/2026 9:10:00 AM,RTD,6/8/2026 9:15:00 AM,CMIN,10GNPK_U03,G,En,16800.0003,
6/8/2026 9:15:00 AM,RTD,6/8/2026 9:20:00 AM,CLUZ,03STA-RI_G02,G,En,5706.80,
6/8/2026 9:15:00 AM,RTD,6/8/2026 9:20:00 AM,CLUZ,03STA-RI_G03,G,En,5706.80,
6/8/2026 9:15:00 AM,RTD,6/8/2026 9:20:00 AM,CLUZ,03STA-RI_G04,G,En,5706.80,
6/8/2026 9:15:00 AM,RTD,6/8/2026 9:20:00 AM,CMIN,12PKSFRA_U02,G,En,28000,
6/8/2026 9:20:00 AM,RTD,6/8/2026 9:25:00 AM,CLUZ,03STA-RI_G02,G,En,5706.80,
6/8/2026 9:20:00 AM,RTD,6/8/2026 9:25:00 AM,CLUZ,03STA-RI_G03,G,En,5706.80,
6/8/2026 9:20:00 AM,RTD,6/8/2026 9:25:00 AM,CLUZ,03STA-RI_G04,G,En,5706.80,
6/8/2026 9:20:00 AM,RTD,6/8/2026 9:25:00 AM,CMIN,10GNPK_U01,G,En,16800.0003,
6/8/2026 9:20:00 AM,RTD,6/8/2026 9:25:00 AM,CMIN,10GNPK_U02,G,En,16800.0003,
6/8/2026 9:20:00 AM,RTD,6/8/2026 9:25:00 AM,CMIN,10GNPK_U03,G,En,16800.0003,
6/8/2026 9:25:00 AM,RTD,6/8/2026 9:30:00 AM,CLUZ,03STA-RI_G02,G,En,5706.80,
6/8/2026 9:25:00 AM,RTD,6/8/2026 9:30:00 AM,CLUZ,03STA-RI_G03,G,En,5706.80,
6/8/2026 9:25:00 AM,RTD,6/8/2026 9:30:00 AM,CLUZ,03STA-RI_G04,G,En,5706.80,
6/8/2026 9:30:00 AM,RTD,6/8/2026 9:35:00 AM,CMIN,12TM2_U02,G,En,13000,
6/8/2026 9:35:00 AM,RTD,6/8/2026 9:40:00 AM,CLUZ,03STA-RI_G05,G,En,5714.70,
6/8/2026 9:35:00 AM,RTD,6/8/2026 9:40:00 AM,CLUZ,03STA-RI_G06,G,En,5714.70,
6/8/2026 9:40:00 AM,RTD,6/8/2026 9:45:00 AM,CLUZ,03STA-RI_G05,G,En,5714.70,
6/8/2026 9:40:00 AM,RTD,6/8/2026 9:45:00 AM,CLUZ,03STA-RI_G06,G,En,5714.70,
6/8/2026 9:40:00 AM,RTD,6/8/2026 9:45:00 AM,CMIN,09WMPC_U09,G,En,16580,
6/8/2026 9:45:00 AM,RTD,6/8/2026 9:50:00 AM,CLUZ,03STA-RI_G05,G,En,5714.70,
6/8/2026 9:45:00 AM,RTD,6/8/2026 9:50:00 AM,CLUZ,03STA-RI_G06,G,En,5714.70,
6/8/2026 9:45:00 AM,RTD,6/8/2026 9:50:00 AM,CMIN,09WMPC_U09,G,En,16580,
6/8/2026 9:50:00 AM,RTD,6/8/2026 9:55:00 AM,CLUZ,03STA-RI_G05,G,En,5714.70,
6/8/2026 9:50:00 AM,RTD,6/8/2026 9:55:00 AM,CLUZ,03STA-RI_G06,G,En,5714.70,
6/8/2026 9:50:00 AM,RTD,6/8/2026 9:55:00 AM,CMIN,09WMPC_U07,G,En,17200,
6/8/2026 9:55:00 AM,RTD,6/8/2026 10:00:00 AM,CLUZ,03STA-RI_G01,G,En,5706.80,
6/8/2026 9:55:00 AM,RTD,6/8/2026 10:00:00 AM,CMIN,12PKSFRA_U01,G,En,25000,
6/8/2026 10:00:00 AM,RTD,6/8/2026 10:05:00 AM,CMIN,10GNPK_U01,G,En,16800.0009,
6/8/2026 10:00:00 AM,RTD,6/8/2026 10:05:00 AM,CMIN,10GNPK_U02,G,En,16800.0009,
6/8/2026 10:00:00 AM,RTD,6/8/2026 10:05:00 AM,CMIN,10GNPK_U03,G,En,16800.0009,
6/8/2026 10:05:00 AM,RTD,6/8/2026 10:10:00 AM,CLUZ,03STA-RI_G02,G,En,5706.80,
6/8/2026 10:05:00 AM,RTD,6/8/2026 10:10:00 AM,CLUZ,03STA-RI_G03,G,En,5706.80,
6/8/2026 10:05:00 AM,RTD,6/8/2026 10:10:00 AM,CLUZ,03STA-RI_G04,G,En,5706.80,
6/8/2026 10:05:00 AM,RTD,6/8/2026 10:10:00 AM,CMIN,09WMPC_U01,G,En,32000,
6/8/2026 10:05:00 AM,RTD,6/8/2026 10:10:00 AM,CMIN,09WMPC_U02,G,En,32000,
6/8/2026 10:05:00 AM,RTD,6/8/2026 10:10:00 AM,CMIN,09WMPC_U03,G,En,32000,
6/8/2026 10:05:00 AM,RTD,6/8/2026 10:10:00 AM,CMIN,09WMPC_U05,G,En,32000,
6/8/2026 10:05:00 AM,RTD,6/8/2026 10:10:00 AM,CMIN,09WMPC_U06,G,En,32000,
6/8/2026 10:10:00 AM,RTD,6/8/2026 10:15:00 AM,CLUZ,03STA-RI_G02,G,En,5706.80,
6/8/2026 10:10:00 AM,RTD,6/8/2026 10:15:00 AM,CLUZ,03STA-RI_G03,G,En,5706.80,
6/8/2026 10:10:00 AM,RTD,6/8/2026 10:15:00 AM,CLUZ,03STA-RI_G04,G,En,5706.80,
6/8/2026 10:15:00 AM,RTD,6/8/2026 10:20:00 AM,CLUZ,03STA-RI_G02,G,En,5706.80,
6/8/2026 10:15:00 AM,RTD,6/8/2026 10:20:00 AM,CLUZ,03STA-RI_G03,G,En,5706.80,
6/8/2026 10:15:00 AM,RTD,6/8/2026 10:20:00 AM,CLUZ,03STA-RI_G04,G,En,5706.80,
6/8/2026 10:15:00 AM,RTD,6/8/2026 10:20:00 AM,CMIN,09SANGALI_BAT,G,En,32000,
6/8/2026 10:15:00 AM,RTD,6/8/2026 10:20:00 AM,CMIN,09WMPC_U01,G,En,32000,
6/8/2026 10:15:00 AM,RTD,6/8/2026 10:20:00 AM,CMIN,09WMPC_U02,G,En,32000,
6/8/2026 10:15:00 AM,RTD,6/8/2026 10:20:00 AM,CMIN,09WMPC_U03,G,En,32000,
6/8/2026 10:15:00 AM,RTD,6/8/2026 10:20:00 AM,CMIN,09WMPC_U05,G,En,32000,
6/8/2026 10:15:00 AM,RTD,6/8/2026 10:20:00 AM,CMIN,09WMPC_U06,G,En,32000,
6/8/2026 10:15:00 AM,RTD,6/8/2026 10:20:00 AM,CMIN,09WMPC_U08,G,En,32000,
6/8/2026 10:20:00 AM,RTD,6/8/2026 10:25:00 AM,CLUZ,03STA-RI_G02,G,En,5706.80,
6/8/2026 10:20:00 AM,RTD,6/8/2026 10:25:00 AM,CLUZ,03STA-RI_G03,G,En,5706.80,
6/8/2026 10:20:00 AM,RTD,6/8/2026 10:25:00 AM,CLUZ,03STA-RI_G04,G,En,5706.80,
6/8/2026 10:20:00 AM,RTD,6/8/2026 10:25:00 AM,CMIN,09WMPC_U01,G,En,32000,
6/8/2026 10:20:00 AM,RTD,6/8/2026 10:25:00 AM,CMIN,09WMPC_U02,G,En,32000,
6/8/2026 10:20:00 AM,RTD,6/8/2026 10:25:00 AM,CMIN,09WMPC_U03,G,En,32000,
6/8/2026 10:20:00 AM,RTD,6/8/2026 10:25:00 AM,CMIN,09WMPC_U05,G,En,32000,
6/8/2026 10:20:00 AM,RTD,6/8/2026 10:25:00 AM,CMIN,09WMPC_U06,G,En,32000,
6/8/2026 10:20:00 AM,RTD,6/8/2026 10:25:00 AM,CMIN,09WMPC_U08,G,En,32000,
6/8/2026 10:25:00 AM,RTD,6/8/2026 10:30:00 AM,CLUZ,03STA-RI_G02,G,En,5706.80,
6/8/2026 10:25:00 AM,RTD,6/8/2026 10:30:00 AM,CLUZ,03STA-RI_G03,G,En,5706.80,
6/8/2026 10:25:00 AM,RTD,6/8/2026 10:30:00 AM,CLUZ,03STA-RI_G04,G,En,5706.80,
6/8/2026 10:25:00 AM,RTD,6/8/2026 10:30:00 AM,CMIN,11JASA_BAT,G,En,32000.0006,
6/8/2026 10:30:00 AM,RTD,6/8/2026 10:35:00 AM,CLUZ,03STA-RI_G02,G,En,5706.80,
6/8/2026 10:30:00 AM,RTD,6/8/2026 10:35:00 AM,CLUZ,03STA-RI_G03,G,En,5706.80,
6/8/2026 10:30:00 AM,RTD,6/8/2026 10:35:00 AM,CLUZ,03STA-RI_G04,G,En,5706.80,
6/8/2026 10:30:00 AM,RTD,6/8/2026 10:35:00 AM,CMIN,11KEGMAR_G01,G,En,32000,
6/8/2026 10:30:00 AM,RTD,6/8/2026 10:35:00 AM,CMIN,11NBPC_G01,G,En,32000,
6/8/2026 10:35:00 AM,RTD,6/8/2026 10:40:00 AM,CLUZ,03STA-RI_G02,G,En,5706.80,
6/8/2026 10:35:00 AM,RTD,6/8/2026 10:40:00 AM,CLUZ,03STA-RI_G03,G,En,5706.80,
6/8/2026 10:35:00 AM,RTD,6/8/2026 10:40:00 AM,CLUZ,03STA-RI_G04,G,En,5706.80,
6/8/2026 10:35:00 AM,RTD,6/8/2026 10:40:00 AM,CVIS,08PDPP3_H,G,En,31379,
6/8/2026 10:40:00 AM,RTD,6/8/2026 10:45:00 AM,CLUZ,03STA-RI_G02,G,En,5706.80,
6/8/2026 10:40:00 AM,RTD,6/8/2026 10:45:00 AM,CLUZ,03STA-RI_G03,G,En,5706.80,
6/8/2026 10:40:00 AM,RTD,6/8/2026 10:45:00 AM,CLUZ,03STA-RI_G04,G,En,5706.80,
6/8/2026 10:40:00 AM,RTD,6/8/2026 10:45:00 AM,CVIS,05CARMENDPP_U01,G,En,30312.10,
6/8/2026 10:40:00 AM,RTD,6/8/2026 10:45:00 AM,CVIS,05CARMENDPP_U02,G,En,30312.10,
6/8/2026 10:40:00 AM,RTD,6/8/2026 10:45:00 AM,CVIS,05CARMENDPP_U03,G,En,30312.10,
6/8/2026 10:45:00 AM,RTD,6/8/2026 10:50:00 AM,CLUZ,03STA-RI_G02,G,En,5706.80,
6/8/2026 10:45:00 AM,RTD,6/8/2026 10:50:00 AM,CLUZ,03STA-RI_G03,G,En,5706.80,
6/8/2026 10:45:00 AM,RTD,6/8/2026 10:50:00 AM,CLUZ,03STA-RI_G04,G,En,5706.80,
6/8/2026 10:45:00 AM,RTD,6/8/2026 10:50:00 AM,CVIS,05CARMENDPP_U01,G,En,30312.10,
6/8/2026 10:45:00 AM,RTD,6/8/2026 10:50:00 AM,CVIS,05CARMENDPP_U02,G,En,30312.10,
6/8/2026 10:45:00 AM,RTD,6/8/2026 10:50:00 AM,CVIS,05CARMENDPP_U03,G,En,30312.10,
6/8/2026 10:50:00 AM,RTD,6/8/2026 10:55:00 AM,CLUZ,03STA-RI_G02,G,En,5706.80,
6/8/2026 10:50:00 AM,RTD,6/8/2026 10:55:00 AM,CLUZ,03STA-RI_G03,G,En,5706.80,
6/8/2026 10:50:00 AM,RTD,6/8/2026 10:55:00 AM,CLUZ,03STA-RI_G04,G,En,5706.80,
6/8/2026 10:50:00 AM,RTD,6/8/2026 10:55:00 AM,CMIN,11KEGMAR_G01,G,En,31999,
6/8/2026 10:55:00 AM,RTD,6/8/2026 11:00:00 AM,CLUZ,03STA-RI_G02,G,En,5706.80,
6/8/2026 10:55:00 AM,RTD,6/8/2026 11:00:00 AM,CLUZ,03STA-RI_G03,G,En,5706.80,
6/8/2026 10:55:00 AM,RTD,6/8/2026 11:00:00 AM,CLUZ,03STA-RI_G04,G,En,5706.80,
6/8/2026 10:55:00 AM,RTD,6/8/2026 11:00:00 AM,CMIN,14SUPKOR_G01,G,En,32000,
6/8/2026 11:00:00 AM,RTD,6/8/2026 11:05:00 AM,CLUZ,03STA-RI_G02,G,En,5706.80,
6/8/2026 11:00:00 AM,RTD,6/8/2026 11:05:00 AM,CLUZ,03STA-RI_G03,G,En,5706.80,
6/8/2026 11:00:00 AM,RTD,6/8/2026 11:05:00 AM,CLUZ,03STA-RI_G04,G,En,5706.80,
6/8/2026 11:00:00 AM,RTD,6/8/2026 11:05:00 AM,CVIS,08PDPP3_E,G,En,32000.0080,
6/8/2026 11:00:00 AM,RTD,6/8/2026 11:05:00 AM,CVIS,08PDPP3_G,G,En,32000.0080,
6/8/2026 11:05:00 AM,RTD,6/8/2026 11:10:00 AM,CLUZ,03STA-RI_G02,G,En,5706.80,
6/8/2026 11:05:00 AM,RTD,6/8/2026 11:10:00 AM,CLUZ,03STA-RI_G03,G,En,5706.80,
6/8/2026 11:05:00 AM,RTD,6/8/2026 11:10:00 AM,CLUZ,03STA-RI_G04,G,En,5706.80,
6/8/2026 11:05:00 AM,RTD,6/8/2026 11:10:00 AM,CVIS,08PDPP1_U03,G,En,32000.0007,
6/8/2026 11:05:00 AM,RTD,6/8/2026 11:10:00 AM,CVIS,08PDPP3_C,G,En,32000.0007,
6/8/2026 11:05:00 AM,RTD,6/8/2026 11:10:00 AM,CVIS,08PDPP3_E,G,En,32000.0007,
6/8/2026 11:05:00 AM,RTD,6/8/2026 11:10:00 AM,CVIS,08PDPP3_G,G,En,32000.0007,
6/8/2026 11:05:00 AM,RTD,6/8/2026 11:10:00 AM,CVIS,08PDPP3_H,G,En,32000.0007,
6/8/2026 11:10:00 AM,RTD,6/8/2026 11:15:00 AM,CLUZ,01GNPD_U01,G,En,4500,
6/8/2026 11:10:00 AM,RTD,6/8/2026 11:15:00 AM,CLUZ,01GNPD_U02,G,En,4500,
6/8/2026 11:15:00 AM,RTD,6/8/2026 11:20:00 AM,CVIS,05CARMENDPP_U01,G,En,30312.10,
6/8/2026 11:15:00 AM,RTD,6/8/2026 11:20:00 AM,CVIS,05CARMENDPP_U02,G,En,30312.10,
6/8/2026 11:15:00 AM,RTD,6/8/2026 11:20:00 AM,CVIS,05CARMENDPP_U03,G,En,30312.10,
6/8/2026 11:20:00 AM,RTD,6/8/2026 11:25:00 AM,CLUZ,03QPPL_G01,G,En,4799,
6/8/2026 11:25:00 AM,RTD,6/8/2026 11:30:00 AM,CLUZ,03QPPL_G01,G,En,3999,
6/8/2026 11:25:00 AM,RTD,6/8/2026 11:30:00 AM,CVIS,04CLBYBNK_G01,G,En,32000,
6/8/2026 11:30:00 AM,RTD,6/8/2026 11:35:00 AM,CLUZ,03QPPL_G01,G,En,4799,
6/8/2026 11:30:00 AM,RTD,6/8/2026 11:35:00 AM,CMIN,12PKSFRA_U02,G,En,28000,
6/8/2026 11:35:00 AM,RTD,6/8/2026 11:40:00 AM,CLUZ,01GNPD_U02,G,En,4500,
6/8/2026 11:35:00 AM,RTD,6/8/2026 11:40:00 AM,CVIS,07BIDPP_G01,G,En,27642,
6/8/2026 11:40:00 AM,RTD,6/8/2026 11:45:00 AM,CLUZ,01GNPD_U01,G,En,4500,
6/8/2026 11:40:00 AM,RTD,6/8/2026 11:45:00 AM,CLUZ,01GNPD_U02,G,En,4500,
6/8/2026 11:40:00 AM,RTD,6/8/2026 11:45:00 AM,CMIN,11PKBUK_U01,G,En,28000,
6/8/2026 11:45:00 AM,RTD,6/8/2026 11:50:00 AM,CLUZ,01GNPD_U02,G,En,4500,
6/8/2026 11:45:00 AM,RTD,6/8/2026 11:50:00 AM,CMIN,09SANGALI_BAT,G,En,32000,
6/8/2026 11:50:00 AM,RTD,6/8/2026 11:55:00 AM,CLUZ,03PAGBIL_G03,G,En,3362.50,
6/8/2026 11:50:00 AM,RTD,6/8/2026 11:55:00 AM,CMIN,09WMPC_U02,G,En,32000,
6/8/2026 11:50:00 AM,RTD,6/8/2026 11:55:00 AM,CMIN,09WMPC_U03,G,En,32000,
6/8/2026 11:50:00 AM,RTD,6/8/2026 11:55:00 AM,CMIN,09WMPC_U05,G,En,32000,
6/8/2026 11:55:00 AM,RTD,6/8/2026 12:00:00 PM,CLUZ,01MARVEL_G01,G,En,3099.5788,
6/8/2026 11:55:00 AM,RTD,6/8/2026 12:00:00 PM,CMIN,11PKBUK_U01,G,En,28000,
6/8/2026 12:00:00 PM,RTD,6/8/2026 12:05:00 PM,CLUZ,01AMBUK_U01,G,En,0,
6/8/2026 12:00:00 PM,RTD,6/8/2026 12:05:00 PM,CLUZ,01AMBUK_U03,G,En,0,
6/8/2026 12:00:00 PM,RTD,6/8/2026 12:05:00 PM,CLUZ,01GNPD_U01,G,En,0,
6/8/2026 12:00:00 PM,RTD,6/8/2026 12:05:00 PM,CLUZ,01GNPD_U02,G,En,0,
6/8/2026 12:00:00 PM,RTD,6/8/2026 12:05:00 PM,CLUZ,01MAGAT_U01,G,En,0,
6/8/2026 12:00:00 PM,RTD,6/8/2026 12:05:00 PM,CLUZ,01MAGAT_U02,G,En,0,
6/8/2026 12:00:00 PM,RTD,6/8/2026 12:05:00 PM,CMIN,12PKSFRA_U01,G,En,25000,
6/8/2026 12:05:00 PM,RTD,6/8/2026 12:10:00 PM,CLUZ,01AMBUK_U01,G,En,0,
6/8/2026 12:05:00 PM,RTD,6/8/2026 12:10:00 PM,CLUZ,01AMBUK_U03,G,En,0,
6/8/2026 12:05:00 PM,RTD,6/8/2026 12:10:00 PM,CLUZ,01GNPD_U01,G,En,0,
6/8/2026 12:05:00 PM,RTD,6/8/2026 12:10:00 PM,CLUZ,01GNPD_U02,G,En,0,
6/8/2026 12:05:00 PM,RTD,6/8/2026 12:10:00 PM,CVIS,08STBPB1_U01,G,En,21917.20,
6/8/2026 12:05:00 PM,RTD,6/8/2026 12:10:00 PM,CVIS,08STBPB1_U02,G,En,21917.20,
6/8/2026 12:05:00 PM,RTD,6/8/2026 12:10:00 PM,CVIS,08STBPB1_U03,G,En,21917.20,
6/8/2026 12:05:00 PM,RTD,6/8/2026 12:10:00 PM,CVIS,08STBPB1_U04,G,En,21917.20,
6/8/2026 12:10:00 PM,RTD,6/8/2026 12:15:00 PM,CLUZ,01AMBUK_U01,G,En,0,
6/8/2026 12:10:00 PM,RTD,6/8/2026 12:15:00 PM,CLUZ,01AMBUK_U03,G,En,0,
6/8/2026 12:10:00 PM,RTD,6/8/2026 12:15:00 PM,CLUZ,01GNPD_U02,G,En,0,
6/8/2026 12:10:00 PM,RTD,6/8/2026 12:15:00 PM,CLUZ,01MAGAT_U01,G,En,0,
6/8/2026 12:10:00 PM,RTD,6/8/2026 12:15:00 PM,CLUZ,01MAGAT_U02,G,En,0,
6/8/2026 12:15:00 PM,RTD,6/8/2026 12:20:00 PM,CLUZ,01AMBUK_U01,G,En,0,
6/8/2026 12:15:00 PM,RTD,6/8/2026 12:20:00 PM,CLUZ,01AMBUK_U03,G,En,0,
6/8/2026 12:15:00 PM,RTD,6/8/2026 12:20:00 PM,CLUZ,01BINGA_U01,G,En,0,
6/8/2026 12:15:00 PM,RTD,6/8/2026 12:20:00 PM,CLUZ,01BINGA_U02,G,En,0,
6/8/2026 12:15:00 PM,RTD,6/8/2026 12:20:00 PM,CLUZ,01BINGA_U03,G,En,0,
6/8/2026 12:15:00 PM,RTD,6/8/2026 12:20:00 PM,CLUZ,01BINGA_U04,G,En,0,
6/8/2026 12:15:00 PM,RTD,6/8/2026 12:20:00 PM,CLUZ,01GNPD_U01,G,En,0,
6/8/2026 12:15:00 PM,RTD,6/8/2026 12:20:00 PM,CLUZ,01GNPD_U02,G,En,0,
6/8/2026 12:15:00 PM,RTD,6/8/2026 12:20:00 PM,CLUZ,01MAGAT_U01,G,En,0,
6/8/2026 12:15:00 PM,RTD,6/8/2026 12:20:00 PM,CLUZ,01MAGAT_U02,G,En,0,
6/8/2026 12:15:00 PM,RTD,6/8/2026 12:20:00 PM,CMIN,09WMPC_U02,G,En,32000,
6/8/2026 12:15:00 PM,RTD,6/8/2026 12:20:00 PM,CMIN,09WMPC_U03,G,En,32000,
6/8/2026 12:15:00 PM,RTD,6/8/2026 12:20:00 PM,CMIN,09WMPC_U05,G,En,32000,
6/8/2026 12:20:00 PM,RTD,6/8/2026 12:25:00 PM,CLUZ,03PAGBIL_G03,G,En,3239.10,
6/8/2026 12:25:00 PM,RTD,6/8/2026 12:30:00 PM,CLUZ,03PAGBIL_G03,G,En,3239.10,
6/8/2026 12:25:00 PM,RTD,6/8/2026 12:30:00 PM,CVIS,07BIDPP_G01,G,En,27642,
6/8/2026 12:30:00 PM,RTD,6/8/2026 12:35:00 PM,CLUZ,03PAGBIL_G03,G,En,3239.10,
6/8/2026 12:30:00 PM,RTD,6/8/2026 12:35:00 PM,CMIN,12PKSFRA_U01,G,En,25000,
6/8/2026 12:35:00 PM,RTD,6/8/2026 12:40:00 PM,CLUZ,03PAGBIL_G03,G,En,3362.49,
6/8/2026 12:35:00 PM,RTD,6/8/2026 12:40:00 PM,CMIN,09SANGALI_BAT,G,En,32000,
6/8/2026 12:40:00 PM,RTD,6/8/2026 12:45:00 PM,CLUZ,01MARVEL_G01,G,En,3099.5790,
6/8/2026 12:40:00 PM,RTD,6/8/2026 12:45:00 PM,CLUZ,01MARVEL_G02,G,En,3099.5790,
6/8/2026 12:40:00 PM,RTD,6/8/2026 12:45:00 PM,CVIS,05CARMENDPP_U03,G,En,30312.1012,
6/8/2026 12:45:00 PM,RTD,6/8/2026 12:50:00 PM,CLUZ,01GNPD_U01,G,En,4500,
6/8/2026 12:45:00 PM,RTD,6/8/2026 12:50:00 PM,CLUZ,01GNPD_U02,G,En,4500,
6/8/2026 12:45:00 PM,RTD,6/8/2026 12:50:00 PM,CMIN,09SANGALI_BAT,G,En,32000,
6/8/2026 12:50:00 PM,RTD,6/8/2026 12:55:00 PM,CLUZ,03STA-RI_G05,G,En,5714.70,
6/8/2026 12:50:00 PM,RTD,6/8/2026 12:55:00 PM,CLUZ,03STA-RI_G06,G,En,5714.70,
6/8/2026 12:55:00 PM,RTD,6/8/2026 1:00:00 PM,CLUZ,01GNPD_U02,G,En,4499.9997,
6/8/2026 1:00:00 PM,RTD,6/8/2026 1:05:00 PM,CVIS,04IASMOD_G01,G,En,32000.0012,
6/8/2026 1:10:00 PM,RTD,6/8/2026 1:15:00 PM,CLUZ,03STA-RI_G02,G,En,5706.80,
6/8/2026 1:10:00 PM,RTD,6/8/2026 1:15:00 PM,CLUZ,03STA-RI_G03,G,En,5706.80,
6/8/2026 1:10:00 PM,RTD,6/8/2026 1:15:00 PM,CLUZ,03STA-RI_G04,G,En,5706.80,
6/8/2026 1:15:00 PM,RTD,6/8/2026 1:20:00 PM,CLUZ,03STA-RI_G01,G,En,5706.80,
6/8/2026 1:25:00 PM,RTD,6/8/2026 1:30:00 PM,CLUZ,03STA-RI_G01,G,En,5706.80,
6/8/2026 1:30:00 PM,RTD,6/8/2026 1:35:00 PM,CLUZ,01MAGAT_U03,G,En,6258,
6/8/2026 1:35:00 PM,RTD,6/8/2026 1:40:00 PM,CLUZ,03STA-RI_G01,G,En,5706.80,
6/8/2026 1:40:00 PM,RTD,6/8/2026 1:45:00 PM,CLUZ,03STA-RI_G01,G,En,5706.80,
6/8/2026 1:45:00 PM,RTD,6/8/2026 1:50:00 PM,CLUZ,03STA-RI_G01,G,En,5706.80,
6/8/2026 1:50:00 PM,RTD,6/8/2026 1:55:00 PM,CLUZ,01MAGAT_U03,G,En,6258,
6/8/2026 1:55:00 PM,RTD,6/8/2026 2:00:00 PM,CLUZ,01MAGAT_U03,G,En,6258,
6/8/2026 2:00:00 PM,RTD,6/8/2026 2:05:00 PM,CLUZ,03STA-RI_G01,G,En,5706.80,
6/8/2026 2:05:00 PM,RTD,6/8/2026 2:10:00 PM,CLUZ,03STA-RI_G02,G,En,5706.80,
6/8/2026 2:05:00 PM,RTD,6/8/2026 2:10:00 PM,CLUZ,03STA-RI_G03,G,En,5706.80,
6/8/2026 2:05:00 PM,RTD,6/8/2026 2:10:00 PM,CLUZ,03STA-RI_G04,G,En,5706.80,
6/8/2026 2:10:00 PM,RTD,6/8/2026 2:15:00 PM,CLUZ,03STA-RI_G02,G,En,5706.80,
6/8/2026 2:10:00 PM,RTD,6/8/2026 2:15:00 PM,CLUZ,03STA-RI_G03,G,En,5706.80,
6/8/2026 2:10:00 PM,RTD,6/8/2026 2:15:00 PM,CLUZ,03STA-RI_G04,G,En,5706.80,
6/8/2026 2:15:00 PM,RTD,6/8/2026 2:20:00 PM,CLUZ,03STA-RI_G01,G,En,5706.80,
6/8/2026 2:20:00 PM,RTD,6/8/2026 2:25:00 PM,CLUZ,01MAGAT_U03,G,En,6258,
6/8/2026 2:25:00 PM,RTD,6/8/2026 2:30:00 PM,CLUZ,03STA-RI_G01,G,En,5706.80,
6/8/2026 2:30:00 PM,RTD,6/8/2026 2:35:00 PM,CLUZ,01MAGAT_U03,G,En,6680,
6/8/2026 2:35:00 PM,RTD,6/8/2026 2:40:00 PM,CLUZ,01MAGAT_U03,G,En,6680,
6/8/2026 2:40:00 PM,RTD,6/8/2026 2:45:00 PM,CLUZ,03STA-RI_G01,G,En,5706.80,
6/8/2026 2:45:00 PM,RTD,6/8/2026 2:50:00 PM,CLUZ,01MAGAT_U03,G,En,6680,
6/8/2026 2:50:00 PM,RTD,6/8/2026 2:55:00 PM,CLUZ,01MAGAT_U03,G,En,6680,
6/8/2026 3:05:00 PM,RTD,6/8/2026 3:10:00 PM,CLUZ,03EERI_G01,G,En,11500,
6/8/2026 3:05:00 PM,RTD,6/8/2026 3:10:00 PM,CLUZ,03EERI_G02,G,En,11500,
6/8/2026 3:05:00 PM,RTD,6/8/2026 3:10:00 PM,CLUZ,03EERI_G03,G,En,11500,
6/8/2026 3:10:00 PM,RTD,6/8/2026 3:15:00 PM,CLUZ,03EERI_G01,G,En,11500,
6/8/2026 3:10:00 PM,RTD,6/8/2026 3:15:00 PM,CLUZ,03EERI_G02,G,En,11500,
6/8/2026 3:10:00 PM,RTD,6/8/2026 3:15:00 PM,CLUZ,03EERI_G03,G,En,11500,
6/8/2026 3:15:00 PM,RTD,6/8/2026 3:20:00 PM,CLUZ,01S_ENRO_G01,G,En,10554.65,
6/8/2026 3:20:00 PM,RTD,6/8/2026 3:25:00 PM,CLUZ,03RCBMI_G02,G,En,10000,
6/8/2026 3:25:00 PM,RTD,6/8/2026 3:30:00 PM,CLUZ,03EERI_G01,G,En,11500,
6/8/2026 3:25:00 PM,RTD,6/8/2026 3:30:00 PM,CLUZ,03EERI_G02,G,En,11500,
6/8/2026 3:25:00 PM,RTD,6/8/2026 3:30:00 PM,CLUZ,03EERI_G03,G,En,11500,
6/8/2026 3:30:00 PM,RTD,6/8/2026 3:35:00 PM,CLUZ,01S_ENRO_G01,G,En,10554.65,
6/8/2026 3:35:00 PM,RTD,6/8/2026 3:40:00 PM,CLUZ,03EERI_G01,G,En,11500,
6/8/2026 3:35:00 PM,RTD,6/8/2026 3:40:00 PM,CLUZ,03EERI_G02,G,En,11500,
6/8/2026 3:35:00 PM,RTD,6/8/2026 3:40:00 PM,CLUZ,03EERI_G03,G,En,11500,
6/8/2026 3:40:00 PM,RTD,6/8/2026 3:45:00 PM,CLUZ,03EERI_G01,G,En,11499.9999,
6/8/2026 3:40:00 PM,RTD,6/8/2026 3:45:00 PM,CLUZ,03EERI_G02,G,En,11499.9999,
6/8/2026 3:40:00 PM,RTD,6/8/2026 3:45:00 PM,CLUZ,03EERI_G03,G,En,11499.9999,
6/8/2026 3:45:00 PM,RTD,6/8/2026 3:50:00 PM,CLUZ,03EERI_G01,G,En,11500,
6/8/2026 3:45:00 PM,RTD,6/8/2026 3:50:00 PM,CLUZ,03EERI_G02,G,En,11500,
6/8/2026 3:45:00 PM,RTD,6/8/2026 3:50:00 PM,CLUZ,03EERI_G03,G,En,11500,
6/8/2026 3:50:00 PM,RTD,6/8/2026 3:55:00 PM,CLUZ,01S_ENRO_G01,G,En,8659.57,
6/8/2026 4:20:00 PM,RTD,6/8/2026 4:25:00 PM,CLUZ,03PAGBIL_G03,G,En,5839.30,
6/8/2026 5:05:00 PM,RTD,6/8/2026 5:10:00 PM,CLUZ,03STA-RI_G01,G,En,5706.80,
6/8/2026 5:10:00 PM,RTD,6/8/2026 5:15:00 PM,CLUZ,03PAGBIL_G03,G,En,5839.30,
6/8/2026 5:15:00 PM,RTD,6/8/2026 5:20:00 PM,CLUZ,01MAGAT_U03,G,En,6680,
6/8/2026 5:25:00 PM,RTD,6/8/2026 5:30:00 PM,CLUZ,03EERI_G01,G,En,11500,
6/8/2026 5:25:00 PM,RTD,6/8/2026 5:30:00 PM,CLUZ,03EERI_G02,G,En,11500,
6/8/2026 5:25:00 PM,RTD,6/8/2026 5:30:00 PM,CLUZ,03EERI_G03,G,En,11500,
6/8/2026 5:30:00 PM,RTD,6/8/2026 5:35:00 PM,CLUZ,03EERI_G03,G,En,11500,
6/8/2026 5:40:00 PM,RTD,6/8/2026 5:45:00 PM,CLUZ,03EERI_G01,G,En,11500,
6/8/2026 5:40:00 PM,RTD,6/8/2026 5:45:00 PM,CLUZ,03EERI_G02,G,En,11500,
6/8/2026 5:40:00 PM,RTD,6/8/2026 5:45:00 PM,CLUZ,03EERI_G03,G,En,11500,
6/8/2026 5:45:00 PM,RTD,6/8/2026 5:50:00 PM,CLUZ,03EERI_G01,G,En,11500,
6/8/2026 5:45:00 PM,RTD,6/8/2026 5:50:00 PM,CLUZ,03EERI_G02,G,En,11500,
6/8/2026 5:45:00 PM,RTD,6/8/2026 5:50:00 PM,CLUZ,03EERI_G03,G,En,11500,
6/8/2026 5:50:00 PM,RTD,6/8/2026 5:55:00 PM,CLUZ,03EERI_G02,G,En,11500,
6/8/2026 5:50:00 PM,RTD,6/8/2026 5:55:00 PM,CLUZ,03EERI_G03,G,En,11500,
6/8/2026 5:55:00 PM,RTD,6/8/2026 6:00:00 PM,CLUZ,03EERI_G02,G,En,11500,
6/8/2026 5:55:00 PM,RTD,6/8/2026 6:00:00 PM,CLUZ,03EERI_G03,G,En,11500,
6/8/2026 6:00:00 PM,RTD,6/8/2026 6:05:00 PM,CLUZ,03EERI_G01,G,En,11500,
6/8/2026 6:00:00 PM,RTD,6/8/2026 6:05:00 PM,CLUZ,03EERI_G02,G,En,11500,
6/8/2026 6:00:00 PM,RTD,6/8/2026 6:05:00 PM,CLUZ,03EERI_G03,G,En,11500,
6/8/2026 6:05:00 PM,RTD,6/8/2026 6:10:00 PM,CLUZ,01MAGAT_U03,G,En,6680,
6/8/2026 6:10:00 PM,RTD,6/8/2026 6:15:00 PM,CLUZ,03SNGAB_G01,G,En,5622.95,
6/8/2026 6:15:00 PM,RTD,6/8/2026 6:20:00 PM,CLUZ,03STA-RI_G02,G,En,5706.80,
6/8/2026 6:15:00 PM,RTD,6/8/2026 6:20:00 PM,CLUZ,03STA-RI_G03,G,En,5706.80,
6/8/2026 6:15:00 PM,RTD,6/8/2026 6:20:00 PM,CLUZ,03STA-RI_G04,G,En,5706.80,
6/8/2026 6:20:00 PM,RTD,6/8/2026 6:25:00 PM,CLUZ,03STA-RI_G01,G,En,5706.80,
6/8/2026 6:25:00 PM,RTD,6/8/2026 6:30:00 PM,CLUZ,03STA-RI_G01,G,En,5706.80,
6/8/2026 6:40:00 PM,RTD,6/8/2026 6:45:00 PM,CLUZ,03EERI_G01,G,En,11500,
6/8/2026 6:40:00 PM,RTD,6/8/2026 6:45:00 PM,CLUZ,03EERI_G02,G,En,11500,
6/8/2026 6:40:00 PM,RTD,6/8/2026 6:45:00 PM,CLUZ,03EERI_G03,G,En,11500,
6/8/2026 6:45:00 PM,RTD,6/8/2026 6:50:00 PM,CLUZ,03EERI_G01,G,En,11500,
6/8/2026 6:45:00 PM,RTD,6/8/2026 6:50:00 PM,CLUZ,03EERI_G02,G,En,11500,
6/8/2026 6:45:00 PM,RTD,6/8/2026 6:50:00 PM,CLUZ,03EERI_G03,G,En,11500,
6/8/2026 6:55:00 PM,RTD,6/8/2026 7:00:00 PM,CLUZ,03ILIJAN_G01,G,En,12500.0001,
6/8/2026 7:00:00 PM,RTD,6/8/2026 7:05:00 PM,CLUZ,03EERI_G02,G,En,11500,
6/8/2026 7:00:00 PM,RTD,6/8/2026 7:05:00 PM,CLUZ,03EERI_G03,G,En,11500,
6/8/2026 7:05:00 PM,RTD,6/8/2026 7:10:00 PM,CLUZ,03EERI_G02,G,En,11500,
6/8/2026 7:05:00 PM,RTD,6/8/2026 7:10:00 PM,CLUZ,03EERI_G03,G,En,11500,
6/8/2026 7:10:00 PM,RTD,6/8/2026 7:15:00 PM,CLUZ,03EERI_G02,G,En,11500,
6/8/2026 7:10:00 PM,RTD,6/8/2026 7:15:00 PM,CLUZ,03EERI_G03,G,En,11500,
6/8/2026 7:15:00 PM,RTD,6/8/2026 7:20:00 PM,CLUZ,03EERI_G02,G,En,11500,
6/8/2026 7:15:00 PM,RTD,6/8/2026 7:20:00 PM,CLUZ,03EERI_G03,G,En,11500,
6/8/2026 7:20:00 PM,RTD,6/8/2026 7:25:00 PM,CLUZ,03EERI_G03,G,En,11499.9999,
6/8/2026 7:25:00 PM,RTD,6/8/2026 7:30:00 PM,CLUZ,03EERI_G01,G,En,11500,
6/8/2026 7:25:00 PM,RTD,6/8/2026 7:30:00 PM,CLUZ,03EERI_G02,G,En,11500,
6/8/2026 7:30:00 PM,RTD,6/8/2026 7:35:00 PM,CLUZ,03EERI_G03,G,En,11500.0001,
6/8/2026 7:35:00 PM,RTD,6/8/2026 7:40:00 PM,CLUZ,03EERI_G02,G,En,11500,
6/8/2026 7:35:00 PM,RTD,6/8/2026 7:40:00 PM,CLUZ,03EERI_G03,G,En,11500,
6/8/2026 7:40:00 PM,RTD,6/8/2026 7:45:00 PM,CLUZ,03EERI_G02,G,En,11500,
6/8/2026 7:40:00 PM,RTD,6/8/2026 7:45:00 PM,CLUZ,03EERI_G03,G,En,11500,
6/8/2026 7:45:00 PM,RTD,6/8/2026 7:50:00 PM,CLUZ,03EERI_G01,G,En,11500,
6/8/2026 7:45:00 PM,RTD,6/8/2026 7:50:00 PM,CLUZ,03EERI_G02,G,En,11500,
6/8/2026 7:50:00 PM,RTD,6/8/2026 7:55:00 PM,CLUZ,03EERI_G01,G,En,11500,
6/8/2026 7:50:00 PM,RTD,6/8/2026 7:55:00 PM,CLUZ,03EERI_G03,G,En,11500,
6/8/2026 7:55:00 PM,RTD,6/8/2026 8:00:00 PM,CLUZ,03EERI_G01,G,En,11500.0001,
6/8/2026 8:00:00 PM,RTD,6/8/2026 8:05:00 PM,CLUZ,03EERI_G02,G,En,11500,
6/8/2026 8:00:00 PM,RTD,6/8/2026 8:05:00 PM,CLUZ,03EERI_G03,G,En,11500,
6/8/2026 8:05:00 PM,RTD,6/8/2026 8:10:00 PM,CLUZ,03EERI_G03,G,En,11500,
6/8/2026 8:10:00 PM,RTD,6/8/2026 8:15:00 PM,CLUZ,03EERI_G02,G,En,11500,
6/8/2026 8:10:00 PM,RTD,6/8/2026 8:15:00 PM,CLUZ,03EERI_G03,G,En,11500,
6/8/2026 8:15:00 PM,RTD,6/8/2026 8:20:00 PM,CLUZ,03EERI_G02,G,En,11500,
6/8/2026 8:15:00 PM,RTD,6/8/2026 8:20:00 PM,CLUZ,03EERI_G03,G,En,11500,
6/8/2026 8:20:00 PM,RTD,6/8/2026 8:25:00 PM,CLUZ,03EERI_G01,G,En,11500,
6/8/2026 8:20:00 PM,RTD,6/8/2026 8:25:00 PM,CLUZ,03EERI_G02,G,En,11500,
6/8/2026 8:20:00 PM,RTD,6/8/2026 8:25:00 PM,CLUZ,03EERI_G03,G,En,11500,
6/8/2026 8:25:00 PM,RTD,6/8/2026 8:30:00 PM,CLUZ,03EERI_G03,G,En,11499.9999,
6/8/2026 8:30:00 PM,RTD,6/8/2026 8:35:00 PM,CLUZ,03EERI_G03,G,En,11499.9999,
6/8/2026 8:30:00 PM,RTD,6/8/2026 8:35:00 PM,CMIN,10MEGC_G01,G,En,32000,
6/8/2026 8:35:00 PM,RTD,6/8/2026 8:40:00 PM,CLUZ,03EERI_G01,G,En,11500,
6/8/2026 8:40:00 PM,RTD,6/8/2026 8:45:00 PM,CLUZ,03EERI_G01,G,En,11499.9999,
6/8/2026 8:40:00 PM,RTD,6/8/2026 8:45:00 PM,CLUZ,03EERI_G02,G,En,11499.9999,
6/8/2026 8:45:00 PM,RTD,6/8/2026 8:50:00 PM,CLUZ,03EERI_G01,G,En,11500,
6/8/2026 8:45:00 PM,RTD,6/8/2026 8:50:00 PM,CLUZ,03EERI_G03,G,En,11500,
6/8/2026 8:50:00 PM,RTD,6/8/2026 8:55:00 PM,CLUZ,03EERI_G01,G,En,11500,
6/8/2026 8:50:00 PM,RTD,6/8/2026 8:55:00 PM,CLUZ,03EERI_G02,G,En,11500,
6/8/2026 8:50:00 PM,RTD,6/8/2026 8:55:00 PM,CMIN,10MEGC_G01,G,En,32000,
6/8/2026 8:55:00 PM,RTD,6/8/2026 9:00:00 PM,CLUZ,03EERI_G01,G,En,11500,
6/8/2026 9:10:00 PM,RTD,6/8/2026 9:15:00 PM,CLUZ,01MAGAT_U03,G,En,11725,
6/8/2026 9:10:00 PM,RTD,6/8/2026 9:15:00 PM,CVIS,04IASMOD_G01,G,En,32000.0024,
6/8/2026 9:10:00 PM,RTD,6/8/2026 9:15:00 PM,CVIS,04IASMOD_G02,G,En,32000.0024,
6/8/2026 9:10:00 PM,RTD,6/8/2026 9:15:00 PM,CVIS,04IASMOD_G04,G,En,32000.0024,
6/8/2026 9:10:00 PM,RTD,6/8/2026 9:15:00 PM,CMIN,11VILLA_BAT,G,En,32000,
6/8/2026 9:15:00 PM,RTD,6/8/2026 9:20:00 PM,CMIN,11PKBUK_U01,G,En,32000,
6/8/2026 9:20:00 PM,RTD,6/8/2026 9:25:00 PM,CLUZ,01MAGAT_U03,G,En,11725,
6/8/2026 9:20:00 PM,RTD,6/8/2026 9:25:00 PM,CVIS,06KABAN_BAT,G,En,32000,
6/8/2026 9:25:00 PM,RTD,6/8/2026 9:30:00 PM,CMIN,11JASA_BAT,G,En,32000,
6/8/2026 9:30:00 PM,RTD,6/8/2026 9:35:00 PM,CMIN,11VILLA_BAT,G,En,32000,
6/8/2026 9:35:00 PM,RTD,6/8/2026 9:40:00 PM,CVIS,05CPPC_U08,G,En,32000.0044,
6/8/2026 9:35:00 PM,RTD,6/8/2026 9:40:00 PM,CVIS,06KABAN_BAT,G,En,32000.0044,
6/8/2026 9:45:00 PM,RTD,6/8/2026 9:50:00 PM,CVIS,08PDPP3_E,G,En,32000,
6/8/2026 9:45:00 PM,RTD,6/8/2026 9:50:00 PM,CVIS,08PDPP3_G,G,En,32000,
6/8/2026 9:50:00 PM,RTD,6/8/2026 9:55:00 PM,CVIS,05CARMENDPP_U01,G,En,30312.10,
6/8/2026 9:50:00 PM,RTD,6/8/2026 9:55:00 PM,CVIS,05CARMENDPP_U02,G,En,30312.10,
6/8/2026 9:50:00 PM,RTD,6/8/2026 9:55:00 PM,CVIS,05CARMENDPP_U03,G,En,30312.10,
6/8/2026 9:55:00 PM,RTD,6/8/2026 10:00:00 PM,CLUZ,03STA-RI_G02,G,En,5706.7998,
6/8/2026 9:55:00 PM,RTD,6/8/2026 10:00:00 PM,CLUZ,03STA-RI_G03,G,En,5706.7998,
6/8/2026 9:55:00 PM,RTD,6/8/2026 10:00:00 PM,CVIS,08PDPP3_E,G,En,32000,
6/8/2026 9:55:00 PM,RTD,6/8/2026 10:00:00 PM,CVIS,08PDPP3_G,G,En,32000,
6/8/2026 10:00:00 PM,RTD,6/8/2026 10:05:00 PM,CVIS,05CARMENDPP_U01,G,En,30312.10,
6/8/2026 10:00:00 PM,RTD,6/8/2026 10:05:00 PM,CVIS,05CARMENDPP_U02,G,En,30312.10,
6/8/2026 10:00:00 PM,RTD,6/8/2026 10:05:00 PM,CVIS,05CARMENDPP_U03,G,En,30312.10,
6/8/2026 10:05:00 PM,RTD,6/8/2026 10:10:00 PM,CLUZ,03STA-RI_G01,G,En,5706.80,
6/8/2026 10:05:00 PM,RTD,6/8/2026 10:10:00 PM,CMIN,12TM2_U01,G,En,32000,
6/8/2026 10:10:00 PM,RTD,6/8/2026 10:15:00 PM,CVIS,05CARMENDPP_U01,G,En,30312.10,
6/8/2026 10:10:00 PM,RTD,6/8/2026 10:15:00 PM,CVIS,05CARMENDPP_U02,G,En,30312.10,
6/8/2026 10:10:00 PM,RTD,6/8/2026 10:15:00 PM,CVIS,05CARMENDPP_U03,G,En,30312.10,
6/8/2026 10:15:00 PM,RTD,6/8/2026 10:20:00 PM,CLUZ,03STA-RI_G01,G,En,5706.80,
6/8/2026 10:15:00 PM,RTD,6/8/2026 10:20:00 PM,CVIS,05CARMENDPP_U01,G,En,30312.10,
6/8/2026 10:15:00 PM,RTD,6/8/2026 10:20:00 PM,CVIS,05CARMENDPP_U02,G,En,30312.10,
6/8/2026 10:15:00 PM,RTD,6/8/2026 10:20:00 PM,CVIS,05CARMENDPP_U03,G,En,30312.10,
6/8/2026 10:15:00 PM,RTD,6/8/2026 10:20:00 PM,CMIN,13TM1_U02,G,En,32000.0014,
6/8/2026 10:20:00 PM,RTD,6/8/2026 10:25:00 PM,CLUZ,03STA-RI_G01,G,En,5706.80,
6/8/2026 10:20:00 PM,RTD,6/8/2026 10:25:00 PM,CVIS,05CARMENDPP_U01,G,En,30312.10,
6/8/2026 10:20:00 PM,RTD,6/8/2026 10:25:00 PM,CVIS,05CARMENDPP_U02,G,En,30312.10,
6/8/2026 10:20:00 PM,RTD,6/8/2026 10:25:00 PM,CVIS,05CARMENDPP_U03,G,En,30312.10,
6/8/2026 10:20:00 PM,RTD,6/8/2026 10:25:00 PM,CMIN,13MACO_BAT,G,En,32000,
6/8/2026 10:20:00 PM,RTD,6/8/2026 10:25:00 PM,CMIN,13MATIBNK_G01,G,En,32000,
6/8/2026 10:25:00 PM,RTD,6/8/2026 10:30:00 PM,CLUZ,03STA-RI_G02,G,En,5706.80,
6/8/2026 10:25:00 PM,RTD,6/8/2026 10:30:00 PM,CLUZ,03STA-RI_G03,G,En,5706.80,
6/8/2026 10:25:00 PM,RTD,6/8/2026 10:30:00 PM,CLUZ,03STA-RI_G04,G,En,5706.80,
6/8/2026 10:25:00 PM,RTD,6/8/2026 10:30:00 PM,CMIN,14SUPKOR_G01,G,En,32000,
6/8/2026 10:30:00 PM,RTD,6/8/2026 10:35:00 PM,CLUZ,03STA-RI_G02,G,En,5706.80,
6/8/2026 10:30:00 PM,RTD,6/8/2026 10:35:00 PM,CLUZ,03STA-RI_G03,G,En,5706.80,
6/8/2026 10:30:00 PM,RTD,6/8/2026 10:35:00 PM,CLUZ,03STA-RI_G04,G,En,5706.80,
6/8/2026 10:30:00 PM,RTD,6/8/2026 10:35:00 PM,CVIS,07BIDPP_G01,G,En,27642,
6/8/2026 10:35:00 PM,RTD,6/8/2026 10:40:00 PM,CLUZ,03STA-RI_G02,G,En,5706.80,
6/8/2026 10:35:00 PM,RTD,6/8/2026 10:40:00 PM,CLUZ,03STA-RI_G03,G,En,5706.80,
6/8/2026 10:35:00 PM,RTD,6/8/2026 10:40:00 PM,CLUZ,03STA-RI_G04,G,En,5706.80,
6/8/2026 10:40:00 PM,RTD,6/8/2026 10:45:00 PM,CLUZ,03STA-RI_G02,G,En,5706.80,
6/8/2026 10:40:00 PM,RTD,6/8/2026 10:45:00 PM,CLUZ,03STA-RI_G03,G,En,5706.80,
6/8/2026 10:40:00 PM,RTD,6/8/2026 10:45:00 PM,CLUZ,03STA-RI_G04,G,En,5706.80,
6/8/2026 10:45:00 PM,RTD,6/8/2026 10:50:00 PM,CLUZ,03STA-RI_G02,G,En,5706.80,
6/8/2026 10:45:00 PM,RTD,6/8/2026 10:50:00 PM,CLUZ,03STA-RI_G03,G,En,5706.80,
6/8/2026 10:45:00 PM,RTD,6/8/2026 10:50:00 PM,CLUZ,03STA-RI_G04,G,En,5706.80,
6/8/2026 10:45:00 PM,RTD,6/8/2026 10:50:00 PM,CMIN,14SUPKOR_G01,G,En,32000,
6/8/2026 10:50:00 PM,RTD,6/8/2026 10:55:00 PM,CLUZ,03STA-RI_G02,G,En,5706.80,
6/8/2026 10:50:00 PM,RTD,6/8/2026 10:55:00 PM,CLUZ,03STA-RI_G03,G,En,5706.80,
6/8/2026 10:50:00 PM,RTD,6/8/2026 10:55:00 PM,CLUZ,03STA-RI_G04,G,En,5706.80,
6/8/2026 10:55:00 PM,RTD,6/8/2026 11:00:00 PM,CLUZ,03STA-RI_G02,G,En,5706.80,
6/8/2026 10:55:00 PM,RTD,6/8/2026 11:00:00 PM,CLUZ,03STA-RI_G03,G,En,5706.80,
6/8/2026 10:55:00 PM,RTD,6/8/2026 11:00:00 PM,CLUZ,03STA-RI_G04,G,En,5706.80,
6/8/2026 10:55:00 PM,RTD,6/8/2026 11:00:00 PM,CVIS,07BIDPP_G01,G,En,27642,
6/8/2026 11:00:00 PM,RTD,6/8/2026 11:05:00 PM,CLUZ,01MARVEL_G01,G,En,4500,
6/8/2026 11:00:00 PM,RTD,6/8/2026 11:05:00 PM,CMIN,09WMPC_U01,G,En,32000.0013,
6/8/2026 11:00:00 PM,RTD,6/8/2026 11:05:00 PM,CMIN,09WMPC_U04,G,En,32000.0013,
6/8/2026 11:00:00 PM,RTD,6/8/2026 11:05:00 PM,CMIN,09WMPC_U07,G,En,32000.0013,
6/8/2026 11:00:00 PM,RTD,6/8/2026 11:05:00 PM,CMIN,09WMPC_U08,G,En,32000.0013,
6/8/2026 11:00:00 PM,RTD,6/8/2026 11:05:00 PM,CMIN,09WMPC_U10,G,En,32000.0013,
6/8/2026 11:05:00 PM,RTD,6/8/2026 11:10:00 PM,CLUZ,03STA-RI_G02,G,En,5706.80,
6/8/2026 11:05:00 PM,RTD,6/8/2026 11:10:00 PM,CLUZ,03STA-RI_G03,G,En,5706.80,
6/8/2026 11:05:00 PM,RTD,6/8/2026 11:10:00 PM,CLUZ,03STA-RI_G04,G,En,5706.80,
6/8/2026 11:05:00 PM,RTD,6/8/2026 11:10:00 PM,CMIN,09WMPC_U02,G,En,32000,
6/8/2026 11:05:00 PM,RTD,6/8/2026 11:10:00 PM,CMIN,09WMPC_U03,G,En,32000,
6/8/2026 11:05:00 PM,RTD,6/8/2026 11:10:00 PM,CMIN,09WMPC_U05,G,En,32000,
6/8/2026 11:05:00 PM,RTD,6/8/2026 11:10:00 PM,CMIN,09WMPC_U06,G,En,32000,
6/8/2026 11:10:00 PM,RTD,6/8/2026 11:15:00 PM,CLUZ,03STA-RI_G02,G,En,5706.80,
6/8/2026 11:10:00 PM,RTD,6/8/2026 11:15:00 PM,CLUZ,03STA-RI_G03,G,En,5706.80,
6/8/2026 11:10:00 PM,RTD,6/8/2026 11:15:00 PM,CLUZ,03STA-RI_G04,G,En,5706.80,
6/8/2026 11:10:00 PM,RTD,6/8/2026 11:15:00 PM,CMIN,12KEGTAN_G01,G,En,32000,
6/8/2026 11:10:00 PM,RTD,6/8/2026 11:15:00 PM,CMIN,12PKSFRA_U02,G,En,32000,
6/8/2026 11:15:00 PM,RTD,6/8/2026 11:20:00 PM,CVIS,08NABASDPP_U01,G,En,21373.30,
6/8/2026 11:15:00 PM,RTD,6/8/2026 11:20:00 PM,CVIS,08NABASDPP_U02,G,En,21373.30,
6/8/2026 11:20:00 PM,RTD,6/8/2026 11:25:00 PM,CLUZ,03SNGAB_G01,G,En,4289.15,
6/8/2026 11:20:00 PM,RTD,6/8/2026 11:25:00 PM,CMIN,09WMPC_U02,G,En,32000,
6/8/2026 11:20:00 PM,RTD,6/8/2026 11:25:00 PM,CMIN,09WMPC_U03,G,En,32000,
6/8/2026 11:20:00 PM,RTD,6/8/2026 11:25:00 PM,CMIN,09WMPC_U05,G,En,32000,
6/8/2026 11:20:00 PM,RTD,6/8/2026 11:25:00 PM,CMIN,09WMPC_U06,G,En,32000,
6/8/2026 11:25:00 PM,RTD,6/8/2026 11:30:00 PM,CLUZ,03STA-RI_G02,G,En,5706.80,
6/8/2026 11:25:00 PM,RTD,6/8/2026 11:30:00 PM,CLUZ,03STA-RI_G03,G,En,5706.80,
6/8/2026 11:25:00 PM,RTD,6/8/2026 11:30:00 PM,CLUZ,03STA-RI_G04,G,En,5706.80,
6/8/2026 11:25:00 PM,RTD,6/8/2026 11:30:00 PM,CMIN,09WMPC_U08,G,En,17500,
6/8/2026 11:30:00 PM,RTD,6/8/2026 11:35:00 PM,CLUZ,03STA-RI_G02,G,En,5706.80,
6/8/2026 11:30:00 PM,RTD,6/8/2026 11:35:00 PM,CLUZ,03STA-RI_G03,G,En,5706.80,
6/8/2026 11:30:00 PM,RTD,6/8/2026 11:35:00 PM,CLUZ,03STA-RI_G04,G,En,5706.80,
6/8/2026 11:30:00 PM,RTD,6/8/2026 11:35:00 PM,CMIN,10IDP1_U02,G,En,16800,
6/8/2026 11:35:00 PM,RTD,6/8/2026 11:40:00 PM,CLUZ,03STA-RI_G02,G,En,5706.80,
6/8/2026 11:35:00 PM,RTD,6/8/2026 11:40:00 PM,CLUZ,03STA-RI_G03,G,En,5706.80,
6/8/2026 11:35:00 PM,RTD,6/8/2026 11:40:00 PM,CLUZ,03STA-RI_G04,G,En,5706.80,
6/8/2026 11:35:00 PM,RTD,6/8/2026 11:40:00 PM,CMIN,10IDP1_U02,G,En,16800,
6/8/2026 11:40:00 PM,RTD,6/8/2026 11:45:00 PM,CLUZ,03QPPL_G01,G,En,4799,
6/8/2026 11:40:00 PM,RTD,6/8/2026 11:45:00 PM,CMIN,10IDP1_U07,G,En,16600,
6/8/2026 11:45:00 PM,RTD,6/8/2026 11:50:00 PM,CLUZ,03SNGAB_G01,G,En,4289.15,
6/8/2026 11:45:00 PM,RTD,6/8/2026 11:50:00 PM,CMIN,09WMPC_U10,G,En,18200,
6/8/2026 11:50:00 PM,RTD,6/8/2026 11:55:00 PM,CLUZ,03SNGAB_G01,G,En,4289.15,
6/8/2026 11:50:00 PM,RTD,6/8/2026 11:55:00 PM,CMIN,13TM1_U02,G,En,13200,
6/8/2026 11:55:00 PM,RTD,6/9/2026,CLUZ,03SNGAB_G01,G,En,4289.15,
6/8/2026 11:55:00 PM,RTD,6/9/2026,CMIN,09WMPC_U09,G,En,16610,
EOF
